  -3.1819119641097569     
  -3.1753642640006667     
  -3.1753642640006641     
  -3.1868809622578338     
  -3.1868809622578267     
  -3.1830489201754522     
  -3.2013321315528329     
  -3.1868809622578360     
  -3.1823842115080074     
  -3.1868809622578356     
  -3.2013321315528329     
  -3.2055847878069010     
  -3.2010846006481364     
  -3.1676826357673429     
  -3.1639523369403095     
  -3.1639523369403095     
  -3.1975763252600466     
  -3.1776459954463259     
  -3.1776459954463250     
  -3.1975763252600453     
  -3.2010846006481244     
  -3.1639523369403117     
  -3.1975763252600475     
  -3.1776459954463259     
  -3.1776459954463250     
  -3.1818852152422399     
  -3.1975763252600400     
  -3.1975763252600458     
  -3.1676826357673442     
  -3.1776459954463254     
  -3.1676826357673429     
  -3.1776459954463259     
  -3.1676826357673393     
  -3.1776459954463263     
  -3.2010846006481382     
  -3.1776459954463281     
  -3.1776459954463281     
  -3.1818852152422514     
  -3.1676826357673407     
  -3.1639523369403042     
  -3.1639523369403109     
  -3.2010846006481382     
  -3.2010846006481382     
  -3.1676826357673429     
  -3.1639523369403086     
  -3.2010846006481373     
  -3.1975763252600471     
  -3.1975763252600471     
  -3.1676826357673429     
  -3.1975763252600395     
  -3.2010846006481408     
  -3.1975763252600471     
  -3.1676826357673438     
  -3.1776459954463259     
  -3.2010846006481386     
  -3.1975763252600413     
  -3.1639523369403082     
  -3.2010846006481328     
  -3.1676826357673389     
  -3.1776459954463268     
  -3.2010846006481386     
  -3.1975763252600449     
  -3.2010846006481373     
  -3.2010846006481399     
  -3.1975763252600440     
  -3.2010846006481373     
  -3.1676826357673407     
  -3.1676826357673438     
  -3.1676826357673442     
  -3.1676826357673447     
  -3.1676826357673442     
  -3.1676826357673438     
  -3.1639523369403078     
  -3.1676826357673442     
  -3.1975763252600449     
  -3.2010846006481399     
  -3.1975763252600444     
  -3.1639523369403104     
  -3.1676826357673380     
  -3.1975763252600471     
  -3.1639523369403100     
  -3.1975763252600395     
  -3.1639523369403055     
  -3.2010846006481373     
  -3.1676826357673433     
  -3.1676826357673411     
  -3.1676826357673447     
  -3.2010846006481373     
  -3.1776459954463272     
  -3.1639523369403069     
  -3.1975763252600471     
  -3.1753699615275144     
  -3.1975763252600471     
  -3.1676826357673438     
  -3.2010846006481373     
  -3.1639523369403086     
  -3.1676826357673384     
  -3.2010846006481373     
  -3.1676826357673429     
  -3.1975763252600475     
  -3.1710645596919464     
  -3.1639523369403086     
  -3.1975763252600453     
  -3.1421636081773912     
  -3.1449252889273316     
  -3.1710645596919473     
  -3.1975763252600475     
  -3.1421636081773912     
  -3.1975763252600382     
  -3.1975763252600475     
  -3.1639523369403073     
  -3.1470296183748325     
  -3.1710645596919482     
  -3.1481206779758661     
  -3.1639523369403078     
  -3.1533461876383724     
  -3.1421636081773920     
  -3.1819119641097520     
  -3.1533461876383768     
  -3.1449252889273267     
  -3.1449252889273200     
  -3.1975763252600449     
  -3.1975763252600475     
  -3.1975763252600480     
  -3.1789255473873674     
  -3.1751856132702052     
  -3.2013321315528342     
  -3.2055847878068855     
  -3.2041396471920427     
  -3.2055847878069010     
  -3.2013321315528351     
  -3.1789255473873625     
  -3.1789255473873475     
  -3.1751856132702083     
  -3.1762095152122192     
  -3.1762095152122205     
  -3.2013321315528329     
  -3.1751856132702074     
  -3.2008443513006553     
  -3.2160313258372808     
  -3.1908354348540495     
  -3.1975763252600484     
  -3.2041396471920449     
  -3.2041396471920445     
  -3.1968776250332658     
  -3.2010846006481399     
  -3.1975763252600387     
  -3.1908354348540504     
  -3.1975763252600480     
  -3.1968776250332640     
  -3.1968776250332658     
  -3.2160313258372866     
  -3.1908354348540504     
  -3.1975763252600471     
  -3.1975763252600391     
  -3.1975763252600462     
  -3.1968776250332618     
  -3.1975763252600462     
  -3.1908354348540469     
  -3.1975763252600369     
  -3.2041396471920409     
  -3.1975763252600422     
  -3.2013321315528342     
  -3.1751856132702043     
  -3.1762095152122205     
  -3.1823842115080074     
  -3.1751856132702030     
  -3.1870576549078455     
  -3.2013321315528329     
  -3.2013321315528289     
  -3.1751856132702061     
  -3.1762095152122174     
  -3.2013321315528342     
  -3.2013321315528303     
  -3.1751856132702061     
  -3.1762095152122201     
  -3.1762095152122218     
  -3.1762095152122187     
  -3.1751856132702061     
  -3.2013321315528329     
  -3.1762095152122205     
  -3.2013321315528342     
  -3.1830489201754517     
  -3.2013321315528325     
  -3.2013321315528032     
  -3.1789255473873674     
  -3.2013321315528316     
  -3.1830489201754482     
  -3.1823842115080065     
  -3.1789255473873657     
  -3.1870576549078464     
  -3.2055847878068731     
  -3.2055847878069033     
  -3.2041396471920436     
  -3.2160313258372866     
  -3.1908354348540491     
  -3.1908354348540473     
  -3.1975763252600449     
  -3.1975763252600471     
  -3.1975763252600480     
